         1          1          0
         1          1          1
         1          1          2
         1          1          3
         1          1          5
         1          1          6
         1          1          8
         2          2          0
         2          2          1
         2          2          2
         2          2          3
         2          2          4
         2          2          5
         2          2          6
         2          2          8
         3          3          3
         3          3          5
         3          3          6
         4          4          0
         4          4          1
         4          4          2
         4          4          3
         4          4          4
         4          4          5
         4          4          6
         4          4          8
         5          5          0
         5          5          1
         5          5          3
         5          5          4
         5          5          5
         5          5          6
         5          5          8
         6          6          0
         6          6          2
         6          6          3
         6          6          4
         6          6          5
         6          6          6
         6          6          8
         7          7          0
         7          7          1
         7          7          2
         7          7          3
         7          7          4
         7          7          5
         7          7          6
         7          7          8
         8          8          0
         8          8          1
         8          8          2
         8          8          3
         8          8          4
         8          8          5
         8          8          6
         8          8          8
         9          9          0
         9          9          1
         9          9          3
         9          9          4
         9          9          5
         9          9          6
         9          9          8
        10         10          0
        10         10          1
        10         10          2
        10         10          3
        10         10          4
        10         10          5
        10         10          6
        10         10          8
        11         11          0
        11         11          1
        11         11          2
        11         11          3
        11         11          5
        11         11          6
        11         11          8
        12         12          0
        12         12          1
        12         12          2
        12         12          3
        12         12          4
        12         12          5
        12         12          6
        12         12          8
        13         13          1
        13         13          6
        13         13          8
        14         14          0
        14         14          1
        14         14          2
        14         14          3
        14         14          4
        14         14          5
        14         14          6
        14         14          8
        15         15          0
        15         15          1
        15         15          2
        15         15          3
        15         15          4
        15         15          5
        15         15          6
        15         15          8
        16         16          0
        16         16          1
        16         16          3
        16         16          4
        16         16          5
        16         16          6
        16         16          8
        17         17          0
        17         17          3
        17         17          4
        17         17          5
        17         17          6
        17         17          8
        18         18          0
        18         18          1
        18         18          2
        18         18          3
        18         18          4
        18         18          6
        18         18          8
        19         19          0
        20         20          0
        20         20          1
        20         20          3
        20         20          4
        20         20          5
        20         20          6
        20         20          8
        21         21          0
        21         21          1
        21         21          2
        21         21          3
        21         21          4
        21         21          5
        21         21          6
        21         21          8
        22         22          0
        22         22          1
        22         22          2
        22         22          3
        22         22          4
        22         22          5
        22         22          6
        22         22          8
        23         23          0
        23         23          1
        23         23          2
        23         23          3
        23         23          4
        23         23          5
        23         23          6
        23         23          8
        24         24          0
        24         24          1
        24         24          2
        24         24          3
        24         24          4
        24         24          5
        24         24          6
        24         24          8
        25         25          0
        25         25          4
        25         25          5
        25         25          6
        25         25          8
        26         26          0
        26         26          1
        26         26          3
        26         26          4
        26         26          5
        26         26          6
        26         26          8
        27         27          0
        27         27          1
        27         27          2
        27         27          3
        27         27          4
        27         27          5
        27         27          6
        28         28          0
        28         28          3
        28         28          4
        28         28          5
        28         28          6
        28         28          8
        29         29          0
        29         29          3
        29         29          4
        29         29          6
        29         29          8
        30         30          0
        30         30          1
        30         30          2
        30         30          3
        30         30          4
        30         30          6
        30         30          8
        31         31          0
        31         31          1
        31         31          2
        31         31          3
        31         31          4
        31         31          5
        31         31          6
        31         31          8
        32         32          0
        32         32          1
        32         32          3
        32         32          4
        32         32          5
        32         32          6
        32         32          8
        33         33          0
        33         33          1
        33         33          3
        33         33          4
        33         33          6
        33         33          8
        34         34          0
        34         34          1
        34         34          3
        34         34          4
        34         34          5
        34         34          6
        34         34          8
        35         35          0
        35         35          5
        35         35          6
        36         36          0
        36         36          1
        36         36          2
        36         36          3
        36         36          4
        36         36          5
        36         36          6
        36         36          8
        37         37          0
        37         37          2
        37         37          3
        37         37          4
        37         37          5
        37         37          6
        37         37          8
        38         38          0
        38         38          1
        38         38          2
        38         38          3
        38         38          4
        38         38          5
        38         38          6
        38         38          8
        39         39          0
        39         39          2
        39         39          4
        39         39          8
        40         40          0
        40         40          1
        40         40          2
        40         40          3
        40         40          4
        40         40          5
        40         40          6
        40         40          8
        41         41          0
        41         41          1
        41         41          4
        41         41          5
        41         41          6
        41         41          8
        42         42          0
        42         42          1
        42         42          2
        42         42          3
        42         42          4
        42         42          5
        42         42          6
        42         42          8
        43         43          0
        43         43          1
        43         43          3
        43         43          4
        43         43          5
        43         43          6
        43         43          8
        44         44          0
        44         44          1
        44         44          2
        44         44          3
        44         44          4
        44         44          5
        44         44          6
        44         44          8
        45         45          0
        45         45          1
        45         45          3
        45         45          4
        45         45          5
        45         45          6
        45         45          8
        46         46          0
        46         46          1
        46         46          3
        46         46          4
        46         46          5
        46         46          6
        46         46          8
        47         47          0
        47         47          1
        47         47          2
        47         47          3
        47         47          4
        47         47          5
        47         47          6
        47         47          8
        48         48          0
        48         48          1
        48         48          3
        48         48          4
        48         48          5
        48         48          6
        48         48          8
        49         49          0
        49         49          1
        49         49          3
        49         49          4
        49         49          5
        49         49          6
        49         49          8
        50         50          0
        50         50          1
        50         50          2
        50         50          3
        50         50          4
        50         50          5
        50         50          6
        50         50          8
        51         51          0
        51         51          1
        51         51          2
        51         51          4
        51         51          5
        51         51          6
        51         51          8
        52         52          0
        52         52          1
        52         52          3
        52         52          4
        52         52          5
        52         52          6
        52         52          8
        53         53          0
        53         53          1
        53         53          3
        53         53          4
        53         53          5
        53         53          6
        53         53          8
        54         54          0
        54         54          2
        54         54          3
        54         54          4
        54         54          5
        54         54          6
        54         54          8
        55         55          0
        55         55          1
        55         55          3
        55         55          4
        55         55          5
        55         55          6
        55         55          8
        56         56          0
        56         56          1
        56         56          3
        56         56          4
        56         56          5
        56         56          6
        56         56          9
        57         57          0
        57         57          1
        57         57          2
        57         57          4
        57         57          6
        57         57          8
        58         58          0
        58         58          2
        58         58          3
        58         58          4
        58         58          5
        58         58          6
        58         58          8
        59         59          0
        59         59          1
        59         59          3
        59         59          4
        59         59          6
        60         60          0
        60         60          1
        60         60          3
        60         60          4
        60         60          5
        60         60          6
        60         60          8
        61         61          0
        61         61          1
        61         61          2
        61         61          3
        61         61          4
        61         61          5
        61         61          6
        61         61          8
        62         62          0
        62         62          1
        62         62          2
        62         62          3
        62         62          4
        62         62          5
        62         62          6
        62         62          8
        63         63          0
        63         63          1
        63         63          2
        63         63          3
        63         63          4
        63         63          6
        63         63          8
        64         64          0
        64         64          1
        64         64          3
        64         64          4
        64         64          5
        64         64          6
        64         64          8
        65         65          0
        65         65          1
        65         65          2
        65         65          3
        65         65          4
        65         65          5
        65         65          6
        65         65          8
        66         66          0
        66         66          1
        66         66          2
        66         66          3
        66         66          4
        66         66          5
        66         66          6
        66         66          8
        67         67          0
        67         67          1
        67         67          2
        67         67          3
        67         67          4
        67         67          6
        67         67          8
        68         68          0
        68         68          3
        68         68          4
        68         68          5
        68         68          6
        68         68          8
        69         69          0
        69         69          1
        69         69          2
        69         69          3
        69         69          4
        69         69          5
        69         69          6
        69         69          8
        70         70          0
        70         70          1
        70         70          3
        70         70          4
        70         70          5
        70         70          6
        70         70          8
        71         71          0
        71         71          1
        71         71          3
        71         71          4
        71         71          5
        71         71          6
        71         71          8
        72         72          0
        72         72          1
        72         72          2
        72         72          3
        72         72          4
        72         72          5
        72         72          6
        72         72          8
        73         73          0
        73         73          1
        73         73          3
        73         73          4
        73         73          5
        73         73          6
        73         73          8
        74         74          0
        74         74          1
        74         74          3
        74         74          4
        74         74          5
        74         74          6
        74         74          8
        75         75          0
        75         75          1
        75         75          2
        75         75          3
        75         75          4
        75         75          5
        75         75          6
        75         75          8
        76         76          0
        76         76          1
        76         76          3
        76         76          4
        76         76          5
        76         76          6
        76         76          8
        77         77          0
        77         77          1
        77         77          2
        77         77          3
        77         77          4
        77         77          5
        77         77          6
        77         77          8
        78         78          0
        78         78          1
        78         78          2
        78         78          3
        78         78          4
        78         78          5
        78         78          6
        78         78          8
        79         79          0
        79         79          6
        79         79          8
        80         80          0
        80         80          1
        80         80          2
        80         80          3
        80         80          4
        80         80          5
        80         80          6
        80         80          8
        81         81          0
        81         81          1
        81         81          2
        81         81          3
        81         81          4
        81         81          5
        81         81          6
        81         81          8
        82         82          1
        82         82          3
        82         82          4
        82         82          6
        83         83          0
        83         83          1
        83         83          2
        83         83          3
        83         83          4
        83         83          5
        83         83          6
        83         83          8
        84         84          1
        84         84          3
        84         84          4
        84         84          5
        84         84          6
        84         84          8
        85         85          0
        85         85          1
        85         85          2
        85         85          3
        85         85          4
        85         85          5
        85         85          6
        85         85          8
        86         86          5
        86         86          6
        86         86          8
        87         87          0
        87         87          1
        87         87          3
        87         87          4
        87         87          5
        87         87          6
        87         87          8
        88         88          0
        88         88          1
        88         88          3
        88         88          4
        88         88          5
        88         88          6
        88         88          8
        89         89          3
        89         89          5
        89         89          6
        89         89          8
        90         90          0
        90         90          1
        90         90          2
        90         90          3
        90         90          4
        90         90          6
        90         90          8
        91         91          0
        91         91          1
        91         91          2
        91         91          3
        91         91          4
        91         91          5
        91         91          6
        91         91          8
        92         92          1
        92         92          3
        92         92          4
        92         92          5
        92         92          6
        92         92          8
        93         93          0
        93         93          1
        93         93          3
        93         93          4
        93         93          5
        93         93          6
        93         93          8
        94         94          1
        94         94          3
        94         94          4
        94         94          5
        94         94          6
        94         94          8
        95         95          0
        95         95          1
        95         95          2
        95         95          3
        95         95          4
        95         95          5
        95         95          6
        95         95          8
        96         96          0
        96         96          1
        96         96          2
        96         96          3
        96         96          4
        96         96          5
        96         96          6
        96         96          8
        97         97          0
        97         97          1
        97         97          2
        97         97          3
        97         97          4
        97         97          5
        97         97          6
        97         97          8
        98         98          0
        98         98          1
        98         98          2
        98         98          3
        98         98          4
        98         98          5
        98         98          6
        98         98          8
        99         99          0
        99         99          1
        99         99          2
        99         99          3
        99         99          4
        99         99          5
        99         99          6
        99         99          8
       100        100          0
       100        100          2
       100        100          6
       100        100          8
       101        101          0
       101        101          1
       101        101          2
       101        101          3
       101        101          4
       101        101          5
       101        101          6
       102        102          0
       102        102          2
       102        102          3
       102        102          4
       102        102          5
       102        102          6
       102        102          8
       103        103          0
       103        103          1
       103        103          2
       103        103          3
       103        103          4
       103        103          5
       103        103          6
       103        103          8
       104        104          0
       104        104          1
       104        104          2
       104        104          3
       104        104          4
       104        104          5
       104        104          6
       104        104          8
       105        105          3
       105        105          4
       105        105          5
       105        105          6
       105        105          8
       106        106          0
       106        106          1
       106        106          4
       106        106          5
       106        106          6
       106        106          8
       107        107          0
       107        107          1
       107        107          2
       107        107          3
       107        107          4
       107        107          5
       107        107          6
       107        107          8
       108        108          0
       108        108          1
       108        108          2
       108        108          4
       108        108          5
       108        108          6
       108        108          8
       109        109          0
       109        109          1
       109        109          3
       109        109          4
       109        109          5
       109        109          6
       109        109          8
       110        110          0
       110        110          1
       110        110          2
       110        110          4
       110        110          5
       110        110          6
       110        110          8
       111        111          0
       111        111          1
       111        111          2
       111        111          3
       111        111          4
       111        111          5
       111        111          6
       111        111          8
       112        112          0
       112        112          1
       112        112          2
       112        112          3
       112        112          4
       112        112          5
       112        112          6
       112        112          8
       113        113          0
       113        113          2
       113        113          3
       113        113          4
       113        113          5
       113        113          6
       113        113          8
       114        114          0
       114        114          1
       114        114          2
       114        114          3
       114        114          4
       114        114          5
       114        114          6
       114        114          8
       115        115          0
       115        115          1
       115        115          3
       115        115          4
       115        115          5
       115        115          6
       115        115          8
       116        116          0
       116        116          1
       116        116          2
       116        116          3
       116        116          4
       116        116          5
       116        116          6
       116        116          8
       117        117          0
       117        117          1
       117        117          3
       117        117          4
       117        117          5
       117        117          6
       117        117          8
       118        118          0
       118        118          1
       118        118          3
       118        118          4
       118        118          5
       118        118          6
       118        118          8
       119        119          0
       119        119          1
       119        119          2
       119        119          3
       119        119          4
       119        119          5
       119        119          6
       119        119          8
       120        120          0
       120        120          1
       120        120          2
       120        120          3
       120        120          4
       120        120          5
       120        120          6
       120        120          8
       121        121          0
       121        121          1
       121        121          2
       121        121          3
       121        121          4
       121        121          5
       121        121          6
       121        121          8
       122        122          0
       122        122          1
       122        122          2
       122        122          3
       122        122          4
       122        122          5
       122        122          6
       122        122          8
       123        123          0
       123        123          1
       123        123          3
       123        123          4
       123        123          6
       123        123          8
       124        124          0
       124        124          1
       124        124          2
       124        124          3
       124        124          4
       124        124          5
       124        124          6
       124        124          8
       125        125          0
       125        125          1
       125        125          3
       125        125          4
       125        125          5
       125        125          6
       125        125          8
       126        126          0
       126        126          1
       126        126          2
       126        126          3
       126        126          4
       126        126          5
       126        126          6
       126        126          8
       127        127          0
       127        127          1
       127        127          3
       127        127          4
       127        127          5
       127        127          6
       127        127          8
       128        128          0
       128        128          1
       128        128          2
       128        128          3
       128        128          4
       128        128          5
       128        128          6
       128        128          8
       129        129          1
       129        129          2
       129        129          4
       129        129          6
       130        130          0
       130        130          1
       130        130          3
       130        130          4
       130        130          5
       130        130          6
       131        131          0
       131        131          1
       131        131          3
       131        131          4
       131        131          5
       131        131          6
       131        131          8
       132        132          0
       132        132          1
       132        132          2
       132        132          3
       132        132          4
       132        132          5
       132        132          6
       132        132          8
       133        133          0
       133        133          1
       133        133          2
       133        133          4
       133        133          5
       133        133          6
       133        133          8
       134        134          0
       134        134          1
       134        134          3
       134        134          4
       134        134          6
       134        134          8
       135        135          0
       135        135          1
       135        135          2
       135        135          3
       135        135          4
       135        135          5
       135        135          6
       135        135          8
       136        136          0
       136        136          1
       136        136          3
       136        136          4
       136        136          6
       137        137          1
       137        137          5
       137        137          6
       137        137          8
       138        138          0
       138        138          1
       138        138          3
       138        138          4
       138        138          5
       138        138          6
       138        138          8
       139        139          0
       139        139          1
       139        139          3
       139        139          4
       139        139          5
       139        139          6
       139        139          8
       140        140          0
       140        140          2
       140        140          3
       140        140          4
       140        140          6
       140        140          8
       141        141          0
       141        141          1
       141        141          2
       141        141          3
       141        141          4
       141        141          5
       141        141          6
       141        141          8
       142        142          0
       142        142          1
       142        142          2
       142        142          3
       142        142          4
       142        142          5
       142        142          6
       142        142          8
       143        143          0
       143        143          1
       143        143          3
       143        143          4
       143        143          5
       143        143          6
       143        143          8
       144        144          0
       144        144          1
       144        144          2
       144        144          4
       144        144          5
       144        144          6
       144        144          8
       145        145          0
       145        145          1
       145        145          3
       145        145          4
       145        145          5
       145        145          6
       145        145          8
       146        146          0
       146        146          1
       146        146          3
       146        146          4
       146        146          5
       146        146          6
       146        146          8
       147        147          0
       147        147          1
       147        147          2
       147        147          3
       147        147          4
       147        147          5
       147        147          6
       147        147          8
       148        148          0
       148        148          1
       148        148          3
       148        148          4
       148        148          6
       148        148          8
       149        149          0
       149        149          1
       149        149          2
       149        149          3
       149        149          4
       149        149          5
       149        149          6
       149        149          8
       150        150          0
       150        150          1
       150        150          3
       150        150          4
       150        150          5
       150        150          6
       150        150          8
       151        151          0
       151        151          1
       151        151          2
       151        151          3
       151        151          4
       151        151          5
       151        151          6
       151        151          8
       152        152          0
       152        152          1
       152        152          3
       152        152          4
       152        152          5
       152        152          6
       152        152          8
       153        153          0
       153        153          1
       153        153          2
       153        153          3
       153        153          4
       153        153          5
       153        153          6
       153        153          8
       154        154          0
       154        154          1
       154        154          2
       154        154          3
       154        154          4
       154        154          5
       154        154          6
       154        154          8
       155        155          0
       155        155          1
       155        155          2
       155        155          3
       155        155          4
       155        155          5
       155        155          6
       155        155          8
       156        156          0
       156        156          1
       156        156          3
       156        156          4
       156        156          5
       156        156          6
       156        156          8
       157        157          0
       157        157          1
       157        157          2
       157        157          3
       157        157          4
       157        157          5
       157        157          6
       157        157          8
       158        158          4
       158        158          6
       159        159          0
       159        159          1
       159        159          2
       159        159          3
       159        159          4
       159        159          5
       159        159          6
       159        159          8
       160        160          0
       160        160          1
       160        160          2
       160        160          3
       160        160          4
       160        160          5
       160        160          6
       160        160          8
       161        161          4
       162        162          0
       162        162          1
       162        162          3
       162        162          4
       162        162          5
       162        162          6
       162        162          8
       163        163          0
       163        163          1
       163        163          2
       163        163          3
       163        163          4
       163        163          5
       163        163          6
       163        163          8
       164        164          0
       164        164          1
       164        164          2
       164        164          5
       164        164          6
       165        165          0
       165        165          1
       165        165          2
       165        165          3
       165        165          4
       165        165          5
       165        165          6
       165        165          8
       166        166          0
       166        166          1
       166        166          2
       166        166          3
       166        166          4
       166        166          5
       166        166          6
       166        166          8
       167        167          0
       167        167          1
       167        167          2
       167        167          3
       167        167          4
       167        167          5
       167        167          6
       167        167          8
       168        168          0
       168        168          1
       168        168          2
       168        168          3
       168        168          4
       168        168          5
       168        168          6
       168        168          8
       169        169          0
       169        169          1
       169        169          2
       169        169          3
       169        169          4
       169        169          5
       169        169          6
       169        169          8
       170        170          0
       170        170          1
       170        170          3
       170        170          4
       170        170          5
       170        170          6
       170        170          8
       171        171          0
       171        171          1
       171        171          2
       171        171          3
       171        171          4
       171        171          6
       171        171          8
       172        172          0
       172        172          1
       172        172          6
       173        173          0
       173        173          1
       173        173          2
       173        173          3
       173        173          4
       173        173          5
       173        173          6
       173        173          8
       174        174          0
       174        174          1
       174        174          2
       174        174          3
       174        174          4
       174        174          5
       174        174          6
       174        174          8
       175        175          0
       175        175          1
       175        175          2
       175        175          3
       175        175          4
       175        175          6
       175        175          8
       176        176          1
       176        176          3
       176        176          4
       176        176          5
       176        176          6
       176        176          8
       177        177          0
       177        177          1
       177        177          4
       177        177          5
       177        177          6
       177        177          8
       178        178          0
       178        178          1
       178        178          2
       178        178          3
       178        178          4
       178        178          5
       178        178          6
       178        178          8
       179        179          0
       179        179          1
       179        179          2
       179        179          3
       179        179          4
       179        179          5
       179        179          6
       179        179          8
       180        180          0
       180        180          1
       180        180          2
       180        180          4
       180        180          5
       180        180          6
       180        180          8
       181        181          0
       181        181          1
       181        181          2
       181        181          4
       181        181          5
       181        181          6
       181        181          8
       182        182          0
       182        182          1
       182        182          4
       182        182          6
       182        182          8
       183        183          0
       183        183          1
       183        183          2
       183        183          3
       183        183          4
       183        183          5
       183        183          6
       183        183          8
       184        184          0
       184        184          1
       184        184          2
       184        184          3
       184        184          4
       184        184          5
       184        184          6
       184        184          8
       185        185          0
       185        185          1
       185        185          2
       185        185          3
       185        185          4
       185        185          5
       185        185          6
       185        185          8
       186        186          0
       186        186          1
       186        186          2
       186        186          3
       186        186          4
       186        186          5
       186        186          6
       186        186          8
       187        187          0
       187        187          1
       187        187          2
       187        187          3
       187        187          4
       187        187          5
       187        187          6
       187        187          8
       188        188          0
       188        188          1
       188        188          3
       188        188          4
       188        188          5
       188        188          6
       188        188          8
       189        189          0
       189        189          1
       189        189          2
       189        189          3
       189        189          4
       189        189          5
       189        189          6
       189        189          8
       190        190          0
       190        190          1
       190        190          2
       190        190          3
       190        190          4
       190        190          5
       190        190          6
       190        190          8
       191        191          0
       191        191          1
       191        191          2
       191        191          3
       191        191          4
       191        191          5
       191        191          6
       191        191          8
       192        192          0
       192        192          1
       192        192          2
       192        192          3
       192        192          4
       192        192          5
       192        192          6
       192        192          8
       193        193          1
       193        193          3
       193        193          4
       193        193          5
       193        193          6
       193        193          8
       194        194          0
       194        194          1
       194        194          3
       194        194          4
       194        194          6
       194        194          8
       195        195          1
       195        195          3
       195        195          4
       195        195          6
       195        195          8
       196        196          1
       196        196          3
       196        196          6
       196        196          8
       197        197          0
       197        197          1
       197        197          2
       197        197          3
       197        197          4
       197        197          5
       197        197          6
       197        197          8
       198        198          0
       198        198          1
       198        198          2
       198        198          3
       198        198          4
       198        198          5
       198        198          6
       198        198          8
       199        199          0
       199        199          1
       199        199          2
       199        199          4
       199        199          5
       199        199          6
       199        199          8
       200        200          0
       200        200          3
       200        200          4
       200        200          6
       200        200          8
       201        201          0
       201        201          1
       201        201          2
       201        201          3
       201        201          4
       201        201          5
       201        201          6
       201        201          8
       202        202          0
       202        202          1
       202        202          3
       202        202          4
       202        202          5
       202        202          6
       202        202          8
       203        203          0
       203        203          1
       203        203          2
       203        203          3
       203        203          4
       203        203          5
       203        203          6
       203        203          8
       204        204          0
       204        204          1
       204        204          2
       204        204          3
       204        204          4
       204        204          5
       204        204          6
       204        204          8
       205        205          0
       205        205          1
       205        205          2
       205        205          3
       205        205          4
       205        205          5
       205        205          6
       205        205          8
       206        206          0
       206        206          1
       206        206          2
       206        206          3
       206        206          4
       206        206          5
       206        206          6
       206        206          8
       207        207          0
       207        207          1
       207        207          2
       207        207          3
       207        207          4
       207        207          5
       207        207          6
       207        207          8
       208        208          0
       208        208          1
       208        208          2
       208        208          3
       208        208          4
       208        208          5
       208        208          6
       208        208          8
       209        209          0
       209        209          1
       209        209          2
       209        209          3
       209        209          4
       209        209          5
       209        209          6
       209        209          8
       210        210          0
       210        210          1
       210        210          2
       210        210          3
       210        210          4
       210        210          5
       210        210          6
       210        210          8
       211        211          0
       211        211          1
       211        211          2
       211        211          3
       211        211          4
       211        211          5
       211        211          6
       211        211          8
       212        212          0
       212        212          1
       212        212          2
       212        212          3
       212        212          4
       212        212          5
       212        212          6
       212        212          8
       213        213          1
       213        213          3
       213        213          5
       213        213          6
       213        213          8
       214        214          0
       214        214          1
       214        214          2
       214        214          3
       214        214          4
       214        214          5
       214        214          6
       214        214          8
       215        215          0
       215        215          1
       215        215          2
       215        215          3
       215        215          4
       215        215          5
       215        215          6
       215        215          8
       216        216          0
       216        216          1
       216        216          2
       216        216          3
       216        216          4
       216        216          5
       216        216          6
       216        216          8
       217        217          0
       217        217          1
       217        217          2
       217        217          3
       217        217          4
       217        217          5
       217        217          6
       217        217          8
       218        218          0
       218        218          1
       218        218          3
       218        218          4
       218        218          5
       218        218          6
       218        218          8
       219        219          0
       219        219          1
       219        219          2
       219        219          3
       219        219          4
       219        219          5
       219        219          6
       219        219          8
       220        220          0
       220        220          1
       220        220          3
       220        220          4
       220        220          5
       220        220          6
       220        220          8
       221        221          0
       221        221          1
       221        221          2
       221        221          3
       221        221          4
       221        221          5
       221        221          6
       221        221          8
       222        222          0
       222        222          1
       222        222          2
       222        222          3
       222        222          4
       222        222          5
       222        222          6
       222        222          8
       223        223          0
       223        223          1
       223        223          2
       223        223          3
       223        223          4
       223        223          5
       223        223          6
       223        223          8
       224        224          0
       224        224          1
       224        224          2
       224        224          3
       224        224          4
       224        224          5
       224        224          6
       224        224          8
       225        225          0
       225        225          1
       225        225          3
       225        225          4
       225        225          5
       225        225          6
       225        225          8
       226        226          0
       226        226          6
       227        227          0
       227        227          1
       227        227          3
       227        227          4
       227        227          5
       227        227          6
       227        227          8
       228        228          0
       228        228          1
       228        228          2
       228        228          4
       228        228          6
       228        228          8
       229        229          0
       229        229          1
       229        229          2
       229        229          3
       229        229          4
       229        229          5
       229        229          6
       229        229          8
       230        230          0
       230        230          1
       230        230          2
       230        230          3
       230        230          4
       230        230          5
       230        230          6
       230        230          8
       231        231          1
       231        231          4
       231        231          6
       232        232          0
       232        232          1
       232        232          2
       232        232          3
       232        232          4
       232        232          5
       232        232          6
       232        232          8
       233        233          0
       233        233          2
       233        233          3
       233        233          4
       233        233          6
       233        233          8
       234        234          0
       234        234          1
       234        234          2
       234        234          4
       234        234          5
       234        234          6
       234        234          8
       235        235          1
       235        235          2
       235        235          3
       235        235          4
       235        235          5
       235        235          6
       236        236          0
       236        236          1
       236        236          2
       236        236          3
       236        236          4
       236        236          5
       236        236          6
       236        236          8
       237        237          0
       237        237          1
       237        237          3
       237        237          4
       237        237          5
       237        237          6
       237        237          8
       238        238          0
       238        238          2
       238        238          3
       238        238          4
       238        238          5
       238        238          6
       238        238          8
       239        239          0
       239        239          1
       239        239          2
       239        239          3
       239        239          4
       239        239          5
       239        239          6
       239        239          8
       240        240          0
       240        240          2
       240        240          3
       240        240          4
       240        240          6
       240        240          8
       241        241          0
       241        241          1
       241        241          2
       241        241          3
       241        241          4
       241        241          5
       241        241          6
       241        241          8
       242        242          0
       242        242          1
       242        242          2
       242        242          3
       242        242          4
       242        242          5
       242        242          6
       242        242          8
       243        243          0
       243        243          1
       243        243          2
       243        243          3
       243        243          4
       243        243          5
       243        243          6
       243        243          8
       244        244          1
       244        244          4
       244        244          6
       244        244          8
       245        245          0
       245        245          1
       245        245          2
       245        245          3
       245        245          4
       245        245          5
       245        245          6
       245        245          8
       246        246          0
       246        246          1
       246        246          2
       246        246          3
       246        246          4
       246        246          5
       246        246          6
       246        246          8
       247        247          0
       247        247          5
       247        247          8
       248        248          0
       248        248          1
       248        248          3
       248        248          4
       248        248          5
       248        248          6
       248        248          8
       249        249          0
       249        249          2
       249        249          3
       249        249          4
       249        249          6
       249        249          8
       250        250          0
       250        250          1
       250        250          2
       250        250          3
       250        250          4
       250        250          5
       250        250          6
       250        250          8
       251        251          0
       251        251          1
       251        251          2
       251        251          3
       251        251          4
       251        251          5
       251        251          6
       251        251          8
       252        252          0
       252        252          2
       252        252          3
       252        252          4
       252        252          6
       252        252          8
       253        253          0
       253        253          1
       253        253          2
       253        253          3
       253        253          4
       253        253          6
       253        253          8
       254        254          0
       254        254          2
       254        254          4
       254        254          5
       254        254          6
       254        254          8
       255        255          0
       255        255          1
       255        255          2
       255        255          3
       255        255          4
       255        255          5
       255        255          6
       255        255          8
       256        256          0
       256        256          1
       256        256          3
       256        256          4
       256        256          5
       256        256          6
       256        256          8
       257        257          0
       257        257          1
       257        257          2
       257        257          3
       257        257          4
       257        257          5
       257        257          6
       257        257          8
       258        258          0
       258        258          1
       258        258          3
       258        258          4
       258        258          5
       258        258          6
       258        258          8
       259        259          0
       259        259          1
       259        259          3
       259        259          4
       259        259          5
       259        259          6
       259        259          8
       260        260          0
       260        260          1
       260        260          3
       260        260          4
       260        260          6
       260        260          8
       261        261          0
       261        261          1
       261        261          3
       261        261          4
       261        261          5
       261        261          6
       261        261          8
       262        262          0
       262        262          1
       262        262          2
       262        262          3
       262        262          4
       262        262          5
       262        262          6
       262        262          8
       263        263          0
       263        263          1
       263        263          2
       263        263          3
       263        263          4
       263        263          5
       263        263          6
       263        263          8
       264        264          0
       264        264          1
       264        264          2
       264        264          3
       264        264          4
       264        264          5
       264        264          6
       264        264          8
       265        265          0
       265        265          1
       265        265          3
       265        265          4
       265        265          5
       265        265          6
       265        265          8
       266        266          0
       266        266          1
       266        266          3
       266        266          4
       266        266          5
       266        266          6
       266        266          8
       267        267          0
       267        267          2
       267        267          3
       267        267          4
       267        267          6
       267        267          8
       268        268          4
       268        268          5
       269        269          0
       269        269          1
       269        269          2
       269        269          3
       269        269          4
       269        269          5
       269        269          6
       269        269          8
       270        270          0
       270        270          1
       270        270          2
       270        270          3
       270        270          4
       270        270          5
       270        270          6
       270        270          8
       271        271          1
       271        271          2
       271        271          3
       271        271          4
       271        271          5
       271        271          6
       271        271          8
       272        272          0
       272        272          1
       272        272          2
       272        272          3
       272        272          4
       272        272          5
       272        272          6
       272        272          8
       273        273          0
       273        273          1
       273        273          3
       273        273          4
       273        273          6
       273        273          8
       274        274          0
       274        274          1
       274        274          2
       274        274          3
       274        274          4
       274        274          5
       274        274          6
       274        274          8
       275        275          0
       275        275          1
       275        275          2
       275        275          3
       275        275          4
       275        275          5
       275        275          6
       275        275          8
       276        276          0
       276        276          1
       276        276          2
       276        276          3
       276        276          4
       276        276          5
       276        276          6
       276        276          8
       277        277          0
       277        277          1
       277        277          2
       277        277          3
       277        277          4
       277        277          5
       277        277          6
       277        277          8
       278        278          0
       278        278          1
       278        278          4
       278        278          5
       278        278          6
       278        278          8
       279        279          4
       279        279          5
       279        279          6
       279        279          8
       280        280          0
       280        280          1
       280        280          2
       280        280          3
       280        280          4
       280        280          5
       280        280          6
       280        280          8
       281        281          0
       281        281          1
       281        281          2
       281        281          3
       281        281          4
       281        281          5
       281        281          6
       281        281          8
       282        282          0
       282        282          1
       282        282          2
       282        282          3
       282        282          4
       282        282          5
       282        282          6
       282        282          8
       283        283          0
       283        283          1
       283        283          2
       283        283          3
       283        283          4
       283        283          5
       283        283          6
       283        283          8
       284        284          0
       284        284          1
       284        284          2
       284        284          3
       284        284          4
       284        284          5
       284        284          6
       284        284          8
       285        285          1
       285        285          3
       285        285          4
       285        285          5
       285        285          6
       285        285          8
       286        286          0
       286        286          1
       286        286          2
       286        286          3
       286        286          4
       286        286          5
       286        286          6
       286        286          8
       287        287          4
       287        287          5
       287        287          8
       288        288          0
       288        288          1
       288        288          2
       288        288          3
       288        288          4
       288        288          5
       288        288          6
       288        288          8
       289        289          0
       289        289          1
       289        289          2
       289        289          3
       289        289          4
       289        289          5
       289        289          6
       289        289          8
       290        290          1
       290        290          3
       290        290          4
       290        290          5
       290        290          6
       290        290          8
       291        291          0
       291        291          1
       291        291          2
       291        291          3
       291        291          4
       291        291          5
       291        291          6
       291        291          8
       292        292          0
       292        292          1
       292        292          3
       292        292          4
       292        292          5
       292        292          6
       292        292          8
       293        293          1
       293        293          2
       293        293          3
       293        293          4
       293        293          5
       293        293          6
       293        293          8
       294        294          0
       294        294          1
       294        294          2
       294        294          3
       294        294          4
       294        294          5
       294        294          6
       294        294          8
       295        295          0
       295        295          1
       295        295          2
       295        295          3
       295        295          4
       295        295          5
       295        295          6
       295        295          8
       296        296          0
       296        296          1
       296        296          3
       296        296          4
       296        296          5
       296        296          6
       296        296          8
       297        297          0
       297        297          1
       297        297          2
       297        297          3
       297        297          4
       297        297          5
       297        297          6
       297        297          8
       298        298          0
       298        298          1
       298        298          2
       298        298          3
       298        298          4
       298        298          5
       298        298          6
       298        298          8
       299        299          0
       299        299          1
       299        299          3
       299        299          4
       299        299          5
       299        299          6
       299        299          8
       300        300          0
       300        300          1
       300        300          3
       300        300          5
       300        300          6
       300        300          8
       301        301          0
       301        301          1
       301        301          2
       301        301          3
       301        301          4
       301        301          5
       301        301          6
       301        301          8
       302        302          0
       302        302          1
       302        302          2
       302        302          3
       302        302          4
       302        302          5
       302        302          6
       302        302          8
       303        303          0
       303        303          1
       303        303          2
       303        303          3
       303        303          4
       303        303          5
       303        303          6
       303        303          8
       304        304          0
       304        304          1
       304        304          2
       304        304          3
       304        304          4
       304        304          5
       304        304          6
       304        304          8
       305        305          1
       305        305          3
       305        305          4
       305        305          6
       305        305          8
       306        306          0
       306        306          1
       306        306          2
       306        306          3
       306        306          4
       306        306          5
       306        306          6
       306        306          8
       307        307          0
       307        307          1
       307        307          3
       307        307          4
       307        307          5
       307        307          6
       307        307          8
       308        308          0
       308        308          1
       308        308          2
       308        308          3
       308        308          4
       308        308          5
       308        308          6
       308        308          8
       309        309          0
       309        309          1
       309        309          2
       309        309          3
       309        309          4
       309        309          5
       309        309          6
       309        309          8
       310        310          0
       310        310          1
       310        310          4
       310        310          5
       310        310          6
       310        310          8
       311        311          0
       311        311          1
       311        311          2
       311        311          3
       311        311          4
       311        311          5
       311        311          6
       311        311          8
       312        312          0
       312        312          2
       312        312          3
       312        312          4
       312        312          5
       313        313          0
       313        313          1
       313        313          2
       313        313          3
       313        313          4
       313        313          5
       313        313          6
       313        313          8
       314        314          1
       314        314          3
       314        314          4
       314        314          5
       315        315          0
       315        315          1
       315        315          2
       315        315          3
       315        315          4
       315        315          5
       315        315          6
       315        315          8
       316        316          0
       316        316          3
       316        316          4
       316        316          6
       316        316          8
       317        317          0
       317        317          1
       317        317          2
       317        317          3
       317        317          4
       317        317          5
       317        317          6
       317        317          8
       318        318          0
       318        318          1
       318        318          2
       318        318          4
       318        318          5
       318        318          6
       318        318          8
       319        319          0
       319        319          1
       319        319          2
       319        319          3
       319        319          4
       319        319          5
       319        319          6
       319        319          8
       320        320          0
       320        320          1
       320        320          2
       320        320          3
       320        320          4
       320        320          5
       320        320          6
       320        320          8
       321        321          0
       321        321          1
       321        321          3
       321        321          4
       321        321          5
       321        321          6
       321        321          8
       322        322          0
       322        322          1
       322        322          3
       322        322          4
       322        322          5
       322        322          6
       322        322          8
       323        323          0
       323        323          1
       323        323          2
       323        323          3
       323        323          4
       323        323          6
       323        323          8
       324        324          0
       324        324          1
       324        324          2
       324        324          3
       324        324          4
       324        324          5
       324        324          6
       324        324          8
       325        325          1
       325        325          3
       325        325          4
       325        325          5
       325        325          6
       326        326          0
       326        326          1
       326        326          2
       326        326          3
       326        326          4
       326        326          5
       326        326          6
       326        326          8
       327        327          0
       327        327          1
       327        327          2
       327        327          4
       327        327          5
       327        327          6
       327        327          8
       328        328          0
       328        328          1
       328        328          3
       328        328          4
       328        328          5
       328        328          6
       328        328          8
       329        329          0
       329        329          3
       329        329          4
       329        329          6
       329        329          8
       330        330          0
       330        330          1
       330        330          2
       330        330          3
       330        330          4
       330        330          5
       330        330          6
       330        330          8
       331        331          0
       331        331          1
       331        331          2
       331        331          3
       331        331          4
       331        331          5
       331        331          6
       331        331          8
       332        332          0
       332        332          1
       332        332          2
       332        332          3
       332        332          4
       332        332          5
       332        332          6
       332        332          8
       333        333          0
       333        333          1
       333        333          3
       333        333          4
       333        333          5
       333        333          6
       333        333          8
       334        334          0
       334        334          1
       334        334          2
       334        334          3
       334        334          4
       334        334          5
       334        334          6
       334        334          8
       335        335          0
       335        335          1
       335        335          4
       335        335          6
       335        335          8
       336        336          0
       336        336          1
       336        336          3
       336        336          4
       336        336          5
       336        336          6
       336        336          8
       337        337          0
       337        337          4
       337        337          6
       337        337          8
       338        338          0
       338        338          1
       338        338          3
       338        338          4
       338        338          5
       338        338          6
       338        338          8
       339        339          0
       339        339          1
       339        339          2
       339        339          3
       339        339          4
       339        339          5
       339        339          6
       339        339          8
       340        340          0
       340        340          1
       340        340          3
       340        340          4
       340        340          5
       340        340          6
       340        340          8
       341        341          0
       341        341          1
       341        341          2
       341        341          3
       341        341          4
       341        341          5
       341        341          6
       341        341          8
       342        342          1
       342        342          3
       342        342          4
       342        342          5
       342        342          6
       342        342          8
       343        343          0
       343        343          1
       343        343          3
       343        343          4
       343        343          5
       343        343          6
       343        343          8
       344        344          0
       344        344          2
       344        344          3
       344        344          4
       344        344          5
       344        344          6
       344        344          8
       345        345          0
       345        345          1
       345        345          3
       345        345          4
       345        345          5
       345        345          6
       345        345          8
