         1          1          0
         1          1          1
         1          1          2
         1          1          3
         2          2          0
         2          2          1
         2          2          2
         2          2          3
         3          3          0
         3          3          1
         3          3          2
         3          3          3
         4          4          0
         4          4          1
         4          4          2
         4          4          3
         5          5          0
         5          5          1
         5          5          2
         5          5          3
         6          6          0
         6          6          1
         6          6          2
         6          6          3
         7          7          0
         7          7          1
         7          7          2
         7          7          3
         8          8          0
         8          8          1
         8          8          2
         8          8          3
         9          9          0
         9          9          1
         9          9          2
         9          9          3
        10         10          0
        10         10          1
        10         10          2
        10         10          3
        11         11          0
        11         11          1
        11         11          2
        11         11          3
        12         12          0
        12         12          1
        12         12          2
        12         12          3
        13         13          0
        13         13          1
        13         13          2
        13         13          3
        14         14          0
        14         14          1
        14         14          2
        14         14          3
        15         15          0
        15         15          1
        15         15          2
        15         15          3
        16         16          0
        16         16          1
        16         16          2
        16         16          3
        17         17          0
        17         17          1
        17         17          2
        17         17          3
        18         18          0
        18         18          1
        18         18          2
        18         18          3
        19         19          0
        19         19          1
        19         19          2
        19         19          3
        20         20          1
        20         20          2
        20         20          3
        21         21          0
        21         21          1
        21         21          2
        21         21          3
        22         22          0
        22         22          1
        22         22          2
        22         22          3
        23         23          0
        23         23          1
        23         23          2
        23         23          3
        24         24          0
        24         24          1
        24         24          2
        24         24          3
        25         25          0
        25         25          1
        25         25          2
        25         25          3
        26         26          0
        26         26          1
        26         26          2
        26         26          3
        27         27          0
        27         27          1
        27         27          2
        27         27          3
        28         28          0
        28         28          1
        28         28          2
        28         28          3
        29         29          0
        29         29          1
        29         29          2
        29         29          3
        30         30          0
        30         30          1
        30         30          2
        30         30          3
        31         31          0
        31         31          1
        31         31          2
        31         31          3
        32         32          0
        32         32          1
        32         32          2
        33         33          0
        33         33          1
        33         33          2
        33         33          3
        34         34          0
        34         34          1
        34         34          2
        34         34          3
        35         35          0
        35         35          1
        35         35          2
        35         35          3
        36         36          0
        36         36          1
        36         36          2
        36         36          3
        37         37          0
        37         37          1
        37         37          2
        37         37          3
        38         38          0
        38         38          1
        38         38          2
        38         38          3
        39         39          0
        39         39          1
        39         39          2
        39         39          3
        40         40          0
        40         40          1
        40         40          2
        40         40          3
        41         41          0
        41         41          1
        41         41          2
        41         41          3
        42         42          0
        42         42          1
        42         42          2
        42         42          3
        43         43          0
        43         43          1
        43         43          2
        43         43          3
        44         44          0
        44         44          1
        44         44          2
        44         44          3
        45         45          0
        45         45          1
        45         45          2
        45         45          3
        46         46          0
        46         46          1
        46         46          2
        46         46          3
        47         47          0
        47         47          1
        47         47          2
        47         47          3
        48         48          0
        48         48          1
        48         48          2
        48         48          3
        49         49          0
        49         49          1
        49         49          2
        49         49          3
        50         50          0
        50         50          1
        50         50          2
        50         50          3
        51         51          0
        51         51          1
        51         51          2
        51         51          3
        52         52          0
        52         52          1
        52         52          2
        52         52          3
        53         53          0
        53         53          1
        53         53          2
        53         53          3
        54         54          0
        54         54          1
        54         54          2
        54         54          3
        55         55          0
        55         55          1
        55         55          2
        55         55          3
        56         56          0
        56         56          2
        57         57          0
        57         57          1
        57         57          2
        57         57          3
        58         58          0
        58         58          1
        58         58          2
        58         58          3
        59         59          0
        59         59          1
        59         59          3
        60         60          0
        60         60          1
        60         60          2
        60         60          3
        61         61          0
        61         61          1
        61         61          2
        61         61          3
        62         62          0
        62         62          1
        62         62          2
        62         62          3
        63         63          0
        63         63          1
        63         63          2
        63         63          3
        64         64          0
        64         64          1
        64         64          2
        64         64          3
        65         65          0
        65         65          1
        65         65          2
        65         65          3
        66         66          0
        66         66          1
        66         66          2
        66         66          3
        67         67          0
        67         67          1
        67         67          2
        67         67          3
        68         68          0
        68         68          1
        68         68          2
        68         68          3
        69         69          0
        69         69          1
        69         69          2
        69         69          3
        70         70          0
        70         70          1
        70         70          2
        70         70          3
        71         71          0
        71         71          1
        71         71          2
        71         71          3
        72         72          0
        72         72          1
        72         72          2
        72         72          3
        73         73          0
        73         73          1
        73         73          2
        73         73          3
        74         74          0
        74         74          1
        74         74          2
        74         74          3
        75         75          0
        75         75          1
        75         75          2
        75         75          3
        76         76          0
        76         76          1
        76         76          3
        77         77          0
        77         77          1
        77         77          2
        77         77          3
        78         78          0
        78         78          1
        78         78          2
        78         78          3
        79         79          0
        79         79          1
        79         79          2
        79         79          3
        80         80          0
        80         80          1
        80         80          2
        80         80          3
        81         81          0
        81         81          1
        81         81          2
        81         81          3
        82         82          0
        82         82          1
        82         82          2
        82         82          3
        83         83          0
        83         83          1
        83         83          2
        83         83          3
        84         84          0
        84         84          1
        84         84          2
        84         84          3
        85         85          0
        85         85          1
        85         85          2
        85         85          3
        86         86          0
        86         86          1
        86         86          2
        86         86          3
        87         87          0
        87         87          1
        87         87          2
        87         87          3
        88         88          0
        88         88          1
        88         88          2
        88         88          3
        89         89          0
        89         89          1
        89         89          2
        89         89          3
        90         90          0
        90         90          1
        90         90          2
        90         90          3
        91         91          0
        91         91          1
        91         91          2
        91         91          3
        92         92          0
        92         92          1
        92         92          2
        92         92          3
        93         93          0
        93         93          1
        93         93          2
        93         93          3
        94         94          0
        94         94          1
        94         94          2
        94         94          3
        95         95          0
        95         95          1
        95         95          2
        95         95          3
        96         96          0
        96         96          1
        96         96          2
        96         96          3
        97         97          0
        97         97          1
        97         97          2
        98         98          0
        98         98          1
        98         98          2
        98         98          3
        99         99          0
        99         99          1
        99         99          2
        99         99          3
       100        100          0
       100        100          1
       100        100          2
       100        100          3
       101        101          1
       101        101          2
       102        102          0
       102        102          1
       102        102          2
       102        102          3
       103        103          0
       103        103          1
       103        103          2
       103        103          3
       104        104          0
       104        104          1
       104        104          2
       104        104          3
       105        105          0
       105        105          1
       105        105          2
       105        105          3
       106        106          0
       106        106          1
       106        106          2
       106        106          3
       107        107          0
       107        107          1
       107        107          2
       107        107          3
       108        108          0
       108        108          1
       108        108          2
       108        108          3
       109        109          0
       109        109          1
       109        109          2
       109        109          3
       110        110          0
       110        110          1
       110        110          2
       110        110          3
       111        111          0
       111        111          1
       111        111          2
       111        111          3
       112        112          0
       112        112          1
       112        112          2
       112        112          3
       113        113          0
       113        113          1
       113        113          2
       113        113          3
       114        114          0
       114        114          1
       114        114          2
       114        114          3
       115        115          0
       115        115          1
       115        115          2
       115        115          3
       116        116          0
       116        116          1
       116        116          2
       116        116          3
       117        117          0
       117        117          1
       117        117          2
       117        117          3
       118        118          0
       118        118          1
       118        118          2
       118        118          3
       119        119          0
       119        119          1
       119        119          2
       119        119          3
       120        120          0
       120        120          1
       120        120          2
       120        120          3
       121        121          0
       121        121          1
       121        121          2
       121        121          3
       122        122          0
       122        122          1
       122        122          2
       122        122          3
       123        123          0
       123        123          1
       123        123          2
       123        123          3
       124        124          0
       124        124          1
       124        124          2
       124        124          3
       125        125          0
       125        125          1
       125        125          2
       126        126          0
       126        126          1
       126        126          2
       126        126          3
       127        127          0
       127        127          1
       127        127          2
       127        127          3
       128        128          0
       128        128          1
       128        128          2
       128        128          3
       129        129          0
       129        129          1
       129        129          2
       129        129          3
       130        130          1
       130        130          2
       130        130          3
       131        131          0
       131        131          3
       132        132          0
       132        132          1
       132        132          2
       132        132          3
       133        133          0
       133        133          1
       133        133          2
       133        133          3
       134        134          1
       134        134          2
       135        135          0
       135        135          1
       135        135          2
       135        135          3
       136        136          0
       136        136          1
       137        137          0
       137        137          1
       137        137          2
       137        137          3
       138        138          0
       138        138          1
       138        138          2
       138        138          3
       139        139          0
       139        139          1
       139        139          2
       139        139          3
       140        140          0
       140        140          1
       140        140          2
       140        140          3
       141        141          0
       141        141          1
       141        141          2
       141        141          3
       142        142          0
       142        142          1
       142        142          2
       142        142          3
       143        143          0
       143        143          1
       143        143          2
       143        143          3
       144        144          0
       144        144          1
       144        144          2
       144        144          3
       145        145          0
       145        145          1
       145        145          2
       145        145          3
       146        146          0
       146        146          1
       146        146          2
       146        146          3
       147        147          0
       147        147          1
       147        147          2
       147        147          3
       148        148          0
       148        148          1
       148        148          2
       148        148          3
       149        149          0
       149        149          1
       149        149          2
       149        149          3
       150        150          0
       150        150          1
       150        150          2
       150        150          3
       151        151          0
       151        151          1
       151        151          2
       151        151          3
       152        152          0
       152        152          1
       152        152          2
       152        152          3
       153        153          0
       153        153          1
       153        153          2
       153        153          3
       154        154          0
       154        154          1
       154        154          2
       154        154          3
       155        155          0
       155        155          1
       155        155          2
       155        155          3
       156        156          0
       156        156          1
       156        156          2
       156        156          3
       157        157          0
       157        157          1
       157        157          2
       157        157          3
       158        158          0
       158        158          1
       158        158          2
       158        158          3
       159        159          0
       159        159          1
       159        159          2
       159        159          3
       160        160          0
       160        160          1
       160        160          2
       160        160          3
       161        161          0
       161        161          1
       161        161          2
       161        161          3
       162        162          0
       162        162          1
       162        162          2
       162        162          3
       163        163          0
       163        163          1
       163        163          2
       163        163          3
       164        164          0
       164        164          1
       164        164          2
       164        164          3
       165        165          0
       165        165          1
       165        165          2
       165        165          3
       166        166          0
       166        166          1
       166        166          2
       166        166          3
       167        167          0
       167        167          1
       167        167          2
       167        167          3
       168        168          0
       168        168          1
       168        168          2
       168        168          3
       169        169          0
       169        169          1
       169        169          2
       169        169          3
       170        170          0
       170        170          1
       170        170          2
       170        170          3
       171        171          0
       171        171          1
       171        171          2
       171        171          3
       172        172          0
       172        172          1
       172        172          2
       172        172          3
       173        173          0
       173        173          1
       173        173          2
       173        173          3
       174        174          0
       174        174          1
       174        174          2
       174        174          3
       175        175          0
       175        175          1
       175        175          2
       175        175          3
       176        176          0
       176        176          1
       176        176          2
       176        176          3
       177        177          0
       177        177          1
       177        177          2
       177        177          3
       178        178          0
       178        178          1
       178        178          2
       178        178          3
       179        179          0
       179        179          1
       179        179          2
       179        179          3
       180        180          0
       180        180          1
       180        180          2
       180        180          3
       181        181          0
       181        181          1
       181        181          2
       181        181          3
       182        182          0
       182        182          1
       182        182          2
       182        182          3
       183        183          0
       183        183          1
       183        183          2
       183        183          3
       184        184          0
       184        184          1
       184        184          2
       184        184          3
       185        185          0
       185        185          1
       185        185          2
       185        185          3
       186        186          0
       186        186          1
       186        186          2
       186        186          3
       187        187          0
       187        187          1
       187        187          2
       187        187          3
       188        188          0
       188        188          1
       188        188          2
       188        188          3
       189        189          0
       189        189          1
       189        189          2
       189        189          3
       190        190          0
       190        190          1
       190        190          2
       190        190          3
       191        191          0
       191        191          1
       191        191          2
       191        191          3
       192        192          0
       192        192          1
       192        192          2
       192        192          3
       193        193          0
       193        193          1
       193        193          2
       193        193          3
       194        194          0
       194        194          1
       194        194          2
       194        194          3
       195        195          0
       195        195          1
       195        195          2
       195        195          3
       196        196          0
       196        196          1
       196        196          2
       196        196          3
       197        197          0
       197        197          1
       197        197          2
       197        197          3
       198        198          0
       198        198          1
       198        198          2
       198        198          3
       199        199          0
       199        199          1
       199        199          2
       199        199          3
       200        200          0
       200        200          2
       201        201          0
       201        201          1
       201        201          2
       201        201          3
       202        202          0
       202        202          1
       202        202          2
       202        202          3
       203        203          0
       203        203          1
       203        203          2
       203        203          3
       204        204          0
       204        204          1
       204        204          2
       204        204          3
       205        205          0
       205        205          1
       205        205          2
       205        205          3
       206        206          0
       206        206          1
       206        206          2
       206        206          3
       207        207          0
       207        207          1
       207        207          2
       207        207          3
       208        208          0
       208        208          1
       208        208          2
       208        208          3
       209        209          0
       209        209          1
       209        209          2
       209        209          3
       210        210          0
       210        210          1
       210        210          2
       210        210          3
       211        211          0
       211        211          1
       211        211          2
       212        212          0
       212        212          1
       212        212          2
       212        212          3
       213        213          0
       213        213          1
       213        213          2
       213        213          3
       214        214          0
       214        214          1
       214        214          2
       214        214          3
       215        215          0
       215        215          1
       215        215          2
       215        215          3
       216        216          0
       216        216          1
       216        216          2
       216        216          3
       217        217          0
       217        217          1
       217        217          2
       217        217          3
       218        218          0
       218        218          1
       218        218          2
       218        218          3
       219        219          0
       219        219          1
       219        219          2
       219        219          3
       220        220          0
       220        220          1
       220        220          2
       220        220          3
       221        221          0
       221        221          1
       221        221          2
       221        221          3
       222        222          0
       222        222          2
       222        222          3
       223        223          0
       223        223          1
       223        223          2
       223        223          3
       224        224          0
       224        224          1
       224        224          2
       224        224          3
       225        225          0
       225        225          1
       225        225          2
       225        225          3
       226        226          0
       226        226          1
       226        226          2
       226        226          3
       227        227          0
       227        227          1
       227        227          2
       227        227          3
       228        228          0
       228        228          1
       228        228          2
       228        228          3
       229        229          0
       229        229          1
       229        229          2
       229        229          3
       230        230          0
       230        230          1
       230        230          2
       230        230          3
       231        231          0
       231        231          1
       231        231          2
       231        231          3
       232        232          0
       232        232          1
       232        232          2
       232        232          3
       233        233          0
       233        233          1
       233        233          2
       233        233          3
       234        234          0
       234        234          1
       234        234          2
       234        234          3
       235        235          0
       235        235          1
       235        235          2
       235        235          3
       236        236          0
       236        236          1
       236        236          2
       236        236          3
       237        237          1
       237        237          2
       238        238          0
       238        238          1
       238        238          2
       238        238          3
       239        239          0
       239        239          1
       239        239          2
       239        239          3
       240        240          0
       240        240          1
       240        240          2
       240        240          3
       241        241          0
       241        241          1
       241        241          2
       241        241          3
       242        242          0
       242        242          1
       242        242          2
       242        242          3
       243        243          0
       243        243          1
       243        243          2
       243        243          3
       244        244          0
       244        244          1
       244        244          2
       244        244          3
       245        245          0
       245        245          1
       245        245          2
       245        245          3
       246        246          0
       246        246          1
       246        246          2
       246        246          3
       247        247          0
       247        247          1
       247        247          2
       247        247          3
       248        248          0
       248        248          1
       248        248          2
       248        248          3
       249        249          0
       249        249          1
       249        249          2
       249        249          3
       250        250          0
       250        250          1
       250        250          2
       250        250          3
       251        251          0
       251        251          1
       251        251          2
       251        251          3
       252        252          0
       252        252          1
       252        252          2
       252        252          3
       253        253          0
       253        253          1
       253        253          2
       253        253          3
       254        254          0
       254        254          1
       254        254          2
       254        254          3
       255        255          0
       255        255          1
       255        255          2
       255        255          3
       256        256          0
       256        256          1
       256        256          2
       256        256          3
       257        257          0
       257        257          1
       257        257          2
       257        257          3
       258        258          0
       258        258          1
       258        258          2
       258        258          3
       259        259          0
       259        259          1
       259        259          2
       259        259          3
       260        260          0
       260        260          1
       260        260          2
       260        260          3
       261        261          0
       261        261          1
       261        261          2
       261        261          3
       262        262          0
       262        262          1
       262        262          2
       262        262          3
       263        263          0
       263        263          1
       263        263          2
       264        264          0
       264        264          1
       264        264          2
       264        264          3
       265        265          0
       265        265          1
       265        265          2
       265        265          3
       266        266          0
       266        266          1
       266        266          2
       266        266          3
       267        267          0
       267        267          1
       267        267          2
       267        267          3
       268        268          0
       268        268          1
       268        268          2
       268        268          3
       269        269          0
       269        269          1
       269        269          2
       269        269          3
       270        270          0
       270        270          1
       270        270          2
       270        270          3
       271        271          0
       271        271          1
       271        271          2
       271        271          3
       272        272          0
       272        272          1
       272        272          2
       272        272          3
       273        273          0
       273        273          1
       273        273          2
       273        273          3
       274        274          0
       274        274          1
       274        274          2
       274        274          3
       275        275          0
       275        275          1
       275        275          2
       275        275          3
       276        276          0
       276        276          1
       276        276          2
       276        276          3
       277        277          0
       277        277          1
       277        277          2
       277        277          3
       278        278          0
       278        278          1
       278        278          2
       278        278          3
       279        279          0
       279        279          1
       279        279          2
       279        279          3
       280        280          0
       280        280          1
       280        280          2
       280        280          3
       281        281          0
       281        281          1
       281        281          2
       281        281          3
       282        282          0
       282        282          1
       282        282          2
       282        282          3
       283        283          0
       283        283          1
       283        283          2
       283        283          3
       284        284          0
       284        284          1
       284        284          2
       284        284          3
       285        285          0
       285        285          1
       285        285          2
       285        285          3
       286        286          0
       286        286          1
       286        286          2
       286        286          3
       287        287          0
       287        287          1
       287        287          2
       287        287          3
       288        288          0
       288        288          1
       288        288          2
       288        288          3
       289        289          0
       289        289          1
       289        289          2
       289        289          3
       290        290          0
       290        290          1
       290        290          2
       290        290          3
       291        291          0
       291        291          1
       291        291          2
       291        291          3
       292        292          0
       292        292          1
       292        292          2
       292        292          3
       293        293          0
       293        293          1
       293        293          2
       293        293          3
       294        294          0
       294        294          1
       294        294          2
       294        294          3
       295        295          0
       295        295          1
       295        295          2
       295        295          3
       296        296          0
       296        296          1
       296        296          2
       296        296          3
       297        297          0
       297        297          1
       297        297          2
       297        297          3
       298        298          0
       298        298          1
       298        298          2
       298        298          3
       299        299          0
       299        299          1
       299        299          2
       299        299          3
       300        300          0
       300        300          1
       300        300          2
       300        300          3
       301        301          0
       301        301          1
       301        301          2
       301        301          3
       302        302          0
       302        302          1
       302        302          2
       302        302          3
       303        303          0
       303        303          1
       303        303          2
       303        303          3
       304        304          0
       304        304          1
       304        304          2
       304        304          3
       305        305          0
       305        305          1
       305        305          2
       305        305          3
       306        306          0
       306        306          1
       306        306          2
       306        306          3
       307        307          0
       307        307          1
       307        307          2
       308        308          0
       308        308          1
       308        308          2
       308        308          3
       309        309          3
       310        310          0
       310        310          1
       310        310          2
       310        310          3
       311        311          0
       311        311          1
       311        311          2
       311        311          3
       312        312          0
       312        312          1
       312        312          2
       312        312          3
       313        313          0
       313        313          1
       313        313          2
       313        313          3
       314        314          0
       314        314          1
       314        314          2
       314        314          3
       315        315          0
       315        315          1
       315        315          2
       315        315          3
       316        316          0
       316        316          1
       316        316          2
       316        316          3
       317        317          0
       317        317          1
       317        317          2
       317        317          3
       318        318          0
       318        318          1
       318        318          2
       318        318          3
       319        319          0
       319        319          1
       319        319          2
       319        319          3
       320        320          0
       320        320          1
       320        320          2
       320        320          3
       321        321          0
       321        321          1
       321        321          2
       321        321          3
       322        322          0
       322        322          1
       322        322          2
       322        322          3
       323        323          0
       323        323          1
       323        323          2
       323        323          3
       324        324          0
       324        324          1
       324        324          2
       324        324          3
       325        325          0
       325        325          1
       325        325          2
       325        325          3
       326        326          0
       326        326          1
       326        326          2
       326        326          3
       327        327          0
       327        327          1
       327        327          2
       327        327          3
       328        328          0
       328        328          1
       328        328          2
       328        328          3
       329        329          0
       329        329          1
       329        329          2
       329        329          3
       330        330          0
       330        330          1
       330        330          2
       330        330          3
       331        331          0
       331        331          1
       331        331          2
       331        331          3
       332        332          0
       332        332          1
       332        332          2
       332        332          3
       333        333          0
       333        333          1
       333        333          2
       333        333          3
       334        334          0
       334        334          1
       334        334          2
       334        334          3
       335        335          0
       335        335          1
       335        335          2
       335        335          3
       336        336          0
       336        336          1
       336        336          2
       336        336          3
       337        337          0
       337        337          1
       337        337          2
       337        337          3
       338        338          0
       338        338          1
       338        338          2
       338        338          3
       339        339          0
       339        339          1
       339        339          2
       339        339          3
       340        340          1
       340        340          2
       341        341          0
       341        341          1
       341        341          2
       341        341          3
       342        342          0
       342        342          1
       342        342          2
       342        342          3
       343        343          0
       343        343          1
       343        343          2
       343        343          3
       344        344          0
       344        344          1
       344        344          2
       344        344          3
       345        345          0
       345        345          1
       345        345          2
       345        345          3
       346        346          0
       346        346          1
       346        346          2
       346        346          3
       347        347          0
       347        347          1
       347        347          2
       347        347          3
       348        348          0
       348        348          1
       348        348          2
       348        348          3
       349        349          0
       349        349          1
       349        349          2
       349        349          3
       350        350          0
       350        350          1
       350        350          2
       350        350          3
       351        351          0
       351        351          1
       351        351          2
       351        351          3
       352        352          0
       352        352          1
       352        352          2
       352        352          3
       353        353          0
       353        353          1
       353        353          2
       353        353          3
